=== Rust d_piece Array (MAXDUNX=112, MAXDUNY=112) ===
217,25,281,282,289,290,16,17,20,21,16,17,24,25,171,172,179,180,113,25,108,17,24,25,20,21,104,105,110,111,171,172,179,180,1085,9,108,17,171,172,167,168,1089,9,104,105,4,5,28,29,108,17,36,37,1127,1128,1127,1128,1123,1124,60,61,281,282,289,290,217,25,8,9,110,111,1104,1105,1057,1058,1059,1060,1061,1062,104,105,273,274,108,17,28,29,24,25,16,17,28,29,8,9,218,218,218,218,218,218,218,218,218,218,218,218,218,218,218,218
218,27,283,284,291,292,18,19,22,23,18,19,26,27,173,174,181,182,114,27,18,109,26,27,22,23,106,107,22,112,173,174,181,182,1086,11,18,109,173,174,169,170,1090,11,106,107,6,7,30,31,18,109,38,39,1129,1130,1129,1130,1125,1126,62,63,283,284,291,292,218,27,10,11,22,112,10,11,10,11,10,11,10,11,106,107,275,276,18,109,30,31,26,27,18,19,30,31,10,11,218,218,218,218,218,218,218,218,218,218,218,218,218,218,218,218
28,29,277,278,285,286,171,172,167,168,139,140,135,136,159,160,16,17,24,25,104,105,123,124,127,128,28,29,20,21,223,25,226,227,1087,9,203,204,207,208,215,21,1083,9,20,21,113,25,219,220,113,25,32,33,44,45,44,45,44,45,56,57,277,278,285,286,230,231,108,17,183,184,179,180,24,25,203,204,207,208,215,21,281,282,289,290,8,9,0,1,4,5,219,220,108,17,218,218,218,218,218,218,218,218,218,218,218,218,218,218,218,218
30,31,279,280,287,288,173,174,169,170,141,142,137,138,161,162,18,19,26,27,106,107,125,126,129,130,30,31,22,23,224,225,228,229,1088,11,205,206,209,210,216,23,1084,11,22,23,114,27,18,19,114,27,34,35,46,47,46,47,46,47,58,59,279,280,287,288,232,233,18,109,185,186,181,182,26,27,205,206,209,210,216,23,283,284,291,292,10,11,2,3,6,7,18,19,18,109,218,218,218,218,218,218,218,218,218,218,218,218,218,218,218,218
104,105,230,231,281,282,289,290,108,17,131,132,155,156,143,144,203,204,207,208,215,21,115,116,119,120,20,21,135,136,135,136,159,160,1085,9,199,200,211,212,195,196,1071,9,108,17,16,17,20,21,108,17,139,140,135,136,159,160,104,105,20,21,113,25,273,274,8,9,113,25,175,176,28,29,108,17,199,200,211,212,195,196,277,278,285,286,113,25,139,140,135,136,159,160,24,25,218,218,218,218,218,218,218,218,218,218,218,218,218,218,218,218
106,107,232,233,283,284,291,292,18,109,133,134,157,158,145,146,205,206,209,210,216,23,117,118,121,122,22,23,137,138,137,138,161,162,1086,11,201,202,213,214,197,198,1072,11,18,109,18,19,22,23,18,109,141,142,137,138,161,162,106,107,22,23,114,27,275,276,10,11,114,27,177,178,30,31,18,109,201,202,213,214,197,198,279,280,287,288,114,27,141,142,137,138,161,162,26,27,218,218,218,218,218,218,218,218,218,218,218,218,218,218,218,218
28,29,219,220,277,278,285,286,218,218,147,148,151,152,230,231,199,200,211,212,195,196,24,25,171,172,167,168,131,132,155,156,143,144,1083,9,187,188,191,192,108,17,1087,9,113,25,123,124,127,128,28,29,131,132,155,156,143,144,217,25,24,25,110,111,281,282,289,290,104,105,123,124,127,128,16,17,187,188,191,192,171,172,167,168,265,266,20,21,131,132,155,156,143,144,104,105,218,218,218,218,218,218,218,218,218,218,218,218,218,218,218,218
30,31,18,19,279,280,287,288,218,218,149,150,153,154,232,233,201,202,213,214,197,198,26,27,173,174,169,170,133,134,157,158,145,146,1084,11,189,190,193,194,18,109,1088,11,114,27,125,126,129,130,30,31,133,134,157,158,145,146,218,27,26,27,22,112,283,284,291,292,106,107,125,126,129,130,18,19,189,190,193,194,173,174,169,170,267,268,22,23,133,134,157,158,145,146,106,107,218,218,218,218,218,218,218,218,218,218,218,218,218,218,218,218
110,111,8,9,297,298,305,306,218,218,218,218,846,1,221,21,187,188,191,192,20,21,20,21,163,164,20,21,147,148,151,152,104,105,1081,9,110,111,113,25,20,21,1085,9,104,105,115,116,119,120,104,105,147,148,151,152,223,25,226,227,28,29,108,17,277,278,285,286,113,25,115,116,119,120,110,111,217,25,104,105,163,164,113,25,265,266,104,105,147,148,151,152,110,111,113,25,218,218,218,218,218,218,218,218,218,218,218,218,218,218,218,218
22,112,10,11,299,300,307,308,218,218,218,218,847,848,22,23,189,190,193,194,22,23,22,23,165,166,22,23,149,150,153,154,106,107,1082,11,22,112,114,27,22,23,1086,11,106,107,117,118,121,122,106,107,149,150,153,154,224,225,228,229,30,31,18,109,279,280,287,288,114,27,117,118,121,122,22,112,218,27,106,107,165,166,114,27,267,268,106,107,149,150,153,154,22,112,114,27,218,218,218,218,218,218,218,218,218,218,218,218,218,218,218,218
108,17,0,1,293,294,301,302,113,25,842,843,0,1,110,111,0,1,0,1,0,1,0,1,108,17,1073,1074,1057,1058,1053,1054,1055,1056,1073,1074,1076,1077,1051,1052,1051,1052,1057,1058,1059,1060,1053,1054,1055,1056,1057,1058,1059,1060,1051,1052,1053,1054,1055,1056,1057,1058,1059,1060,1061,1062,261,262,1104,1105,1102,1103,1051,1052,1053,1054,1055,1056,1057,1058,1059,1060,1061,1062,349,350,353,354,12,13,16,17,108,17,28,29,218,218,218,218,218,218,218,218,218,218,218,218,218,218,218,218
18,109,2,3,295,296,303,304,114,27,844,845,2,3,22,112,2,3,2,3,2,3,2,3,18,109,1075,11,10,11,10,11,10,11,1075,11,10,11,10,11,10,11,10,11,10,11,10,11,10,11,10,11,10,11,10,11,10,11,10,11,10,11,10,11,10,11,263,264,10,11,10,11,10,11,10,11,10,11,10,11,10,11,10,11,351,352,355,356,14,15,18,19,18,109,30,31,218,218,218,218,218,218,218,218,218,218,218,218,218,218,218,218
28,29,12,13,281,282,289,290,104,105,8,9,16,17,838,839,104,105,218,218,218,218,831,832,218,218,1091,9,110,111,24,25,230,231,1110,1111,171,172,179,180,195,196,40,41,64,65,20,21,8,9,8,9,4,5,183,184,179,180,12,13,104,105,171,172,167,168,309,310,175,176,113,25,110,111,171,172,167,168,20,21,113,25,341,342,345,346,361,362,217,25,183,184,179,180,16,17,218,218,218,218,218,218,218,218,218,218,218,218,218,218,218,218
30,31,14,15,283,284,291,292,106,107,10,11,18,19,840,841,106,107,218,218,218,218,833,834,218,218,1092,11,22,112,26,27,232,233,1112,1113,173,174,181,182,197,198,42,43,66,67,22,23,10,11,10,11,6,7,185,186,181,182,14,15,106,107,173,174,169,170,311,312,177,178,114,27,22,112,173,174,169,170,22,23,114,27,343,344,347,348,363,364,218,27,185,186,181,182,18,19,218,218,218,218,218,218,218,218,218,218,218,218,218,218,218,218
113,25,8,9,277,278,285,286,113,25,0,1,835,836,16,17,218,218,218,218,218,218,827,828,218,218,230,231,16,17,8,9,113,25,1106,1107,175,176,20,21,1017,1018,92,93,56,57,12,13,171,172,167,168,12,13,175,176,12,13,203,204,127,128,163,164,113,25,281,282,289,290,24,25,28,29,163,164,584,585,587,588,313,314,321,322,357,358,337,338,24,25,175,176,20,21,110,111,218,218,218,218,218,218,218,218,218,218,218,218,218,218,218,218
114,27,10,11,279,280,287,288,114,27,2,3,2,837,18,19,218,218,218,218,218,218,829,830,218,218,232,233,18,19,10,11,114,27,1108,1109,177,178,22,23,1019,1020,94,95,58,59,14,15,173,174,169,170,14,15,177,178,14,15,205,206,129,130,165,166,114,27,283,284,291,292,26,27,30,31,165,166,10,586,589,590,315,316,323,324,359,360,339,340,26,27,177,178,22,23,22,112,218,218,218,218,218,218,218,218,218,218,218,218,218,218,218,218
110,111,171,172,179,180,281,282,289,290,203,204,207,208,215,21,218,218,218,218,218,218,823,824,218,218,218,218,812,813,800,801,1037,1038,1104,1105,1102,1103,1099,1100,1097,9,1013,1014,110,111,20,21,163,164,110,111,203,204,207,208,215,21,115,116,119,120,16,17,20,21,277,278,285,286,28,29,28,29,230,231,230,231,638,639,317,318,325,326,329,330,333,334,12,13,16,17,113,25,221,21,218,218,218,218,218,218,218,218,218,218,218,218,218,218,218,218
22,112,173,174,181,182,283,284,291,292,205,206,209,210,216,23,218,218,218,218,218,218,825,826,218,218,218,218,537,814,802,803,1039,1040,10,11,10,11,10,1101,1098,11,1015,1016,22,112,22,23,165,166,22,112,205,206,209,210,216,23,117,118,121,122,18,19,22,23,279,280,287,288,30,31,30,31,232,233,232,233,640,641,319,320,327,328,331,332,335,336,14,15,18,19,114,27,22,23,218,218,218,218,218,218,218,218,218,218,218,218,218,218,218,218
28,29,175,176,110,111,277,278,285,286,199,200,211,212,195,196,218,218,230,231,218,218,819,820,218,218,218,218,218,218,796,797,1021,1022,1025,1026,1029,1030,1033,1034,1095,9,985,986,28,29,8,9,230,231,1182,1183,199,200,211,212,195,196,4,5,110,111,20,21,4,5,108,17,269,270,20,21,623,565,230,231,218,218,634,635,552,553,556,557,273,274,108,17,123,124,127,128,8,9,108,17,218,218,218,218,218,218,218,218,218,218,218,218,218,218,218,218
30,31,177,178,22,112,279,280,287,288,201,202,213,214,197,198,218,218,232,233,218,218,821,822,218,218,218,218,218,218,798,799,1023,1024,1027,1028,1031,1032,1035,1036,1096,11,987,988,30,31,10,11,232,233,1184,1185,201,202,213,214,197,198,6,7,22,112,22,23,6,7,18,109,271,272,22,23,624,625,232,233,218,218,636,637,554,555,558,559,275,276,18,109,125,126,129,130,10,11,18,109,218,218,218,218,218,218,218,218,218,218,218,218,218,218,218,218
28,29,203,204,207,208,215,21,261,262,187,188,191,192,113,25,16,17,230,231,815,816,218,218,218,218,218,218,218,218,792,793,1005,1006,1009,1010,1013,1014,1017,1018,1093,9,171,172,167,168,1194,1195,1174,1175,1178,1179,187,188,191,192,28,29,113,25,12,13,4,5,16,17,12,13,265,266,104,105,619,620,626,627,630,631,615,616,560,561,568,569,281,282,289,290,115,116,119,120,222,25,28,29,218,218,218,218,218,218,218,218,218,218,218,218,218,218,218,218
30,31,205,206,209,210,216,23,263,264,189,190,193,194,114,27,18,19,232,233,817,818,218,218,218,218,218,218,218,218,794,795,1007,1008,1011,1012,1015,1016,1019,1020,1094,11,173,174,169,170,1196,1197,1176,1177,1180,1181,189,190,193,194,30,31,114,27,14,15,6,7,18,19,14,15,267,268,106,107,621,622,628,629,632,633,617,618,562,563,570,571,283,284,291,292,117,118,121,122,26,27,30,31,218,218,218,218,218,218,218,218,218,218,218,218,218,218,218,218
104,105,199,200,211,212,195,196,261,262,1049,1050,1051,1052,1053,1054,1055,1056,808,809,218,218,218,218,218,218,218,218,218,218,788,789,1041,1042,993,994,997,998,1001,1002,1091,9,163,164,217,25,1186,1187,1190,1191,20,21,16,17,4,5,20,21,219,220,217,25,20,21,12,13,104,105,273,274,108,17,599,600,603,604,607,608,611,612,564,565,572,573,277,278,285,286,104,105,1097,9,20,21,24,25,218,218,218,218,218,218,218,218,218,218,218,218,218,218,218,218
106,107,201,202,213,214,197,198,263,264,10,11,10,11,10,11,10,11,810,811,218,218,218,218,218,218,218,218,218,218,790,791,1043,1044,995,996,999,1000,1003,1004,1092,11,165,166,218,27,1188,1189,1192,1193,22,23,18,19,6,7,22,23,18,19,218,27,22,23,14,15,106,107,275,276,18,109,601,602,605,606,609,610,613,614,566,567,574,575,279,280,287,288,106,107,1098,11,22,23,26,27,218,218,218,218,218,218,218,218,218,218,218,218,218,218,218,218
217,25,187,188,191,192,110,111,281,282,289,290,171,172,179,180,753,754,757,537,218,218,218,218,218,218,218,218,218,218,784,785,776,777,981,982,985,986,989,990,1089,9,223,25,226,227,139,140,135,136,159,160,20,21,171,172,167,168,12,13,108,17,12,13,4,5,8,9,349,350,353,354,217,25,591,592,595,596,0,1,20,21,8,9,230,231,269,270,8,9,1089,9,108,17,20,21,218,218,218,218,218,218,218,218,218,218,218,218,218,218,218,218
218,27,189,190,193,194,22,112,283,284,291,292,173,174,181,182,755,756,758,759,218,218,218,218,218,218,218,218,218,218,786,787,778,779,983,984,987,988,991,992,1090,11,224,225,228,229,141,142,137,138,161,162,22,23,173,174,169,170,14,15,18,109,14,15,6,7,10,11,351,352,355,356,218,27,593,594,597,598,2,3,22,23,10,11,232,233,271,272,10,11,1090,11,18,109,22,23,218,218,218,218,218,218,218,218,218,218,218,218,218,218,218,218
222,25,223,25,226,227,113,25,277,278,285,286,175,176,734,735,738,739,742,743,746,537,218,218,218,218,218,218,804,805,780,781,772,773,969,970,973,974,977,978,1087,9,203,204,207,208,131,132,155,156,143,144,12,13,163,164,20,21,16,17,4,5,183,184,179,180,341,342,345,346,361,362,221,21,20,21,24,25,16,17,222,25,28,29,113,25,265,266,16,17,1095,9,4,5,104,105,218,218,218,218,218,218,218,218,218,218,218,218,218,218,218,218
26,27,224,225,228,229,114,27,279,280,287,288,177,178,736,737,740,741,744,745,747,748,218,218,218,218,218,218,806,807,782,783,774,775,971,972,975,976,979,980,1088,11,205,206,209,210,133,134,157,158,145,146,14,15,165,166,22,23,18,19,6,7,185,186,181,182,343,344,347,348,363,364,22,23,22,23,26,27,18,19,26,27,30,31,114,27,267,268,18,19,1096,11,6,7,106,107,218,218,218,218,218,218,218,218,218,218,218,218,218,218,218,218
230,231,230,231,221,21,123,124,127,128,265,266,104,105,702,703,706,707,710,711,730,731,726,727,722,723,718,719,760,761,764,765,768,769,957,958,961,962,965,966,1085,9,199,200,211,212,147,148,151,152,20,21,8,9,4,5,12,13,8,9,110,111,175,176,313,314,321,322,357,358,337,338,203,204,207,208,215,21,20,21,139,140,135,136,159,160,273,274,20,21,28,29,230,231,16,17,218,218,218,218,218,218,218,218,218,218,218,218,218,218,218,218
232,233,232,233,22,23,125,126,129,130,267,268,106,107,704,705,708,709,712,713,732,733,728,729,724,725,720,721,762,763,766,767,770,771,959,960,963,964,967,968,1086,11,201,202,213,214,149,150,153,154,22,23,10,11,6,7,14,15,10,11,22,112,177,178,315,316,323,324,359,360,339,340,205,206,209,210,216,23,22,23,141,142,137,138,161,162,275,276,22,23,30,31,232,233,18,19,218,218,218,218,218,218,218,218,218,218,218,218,218,218,218,218
221,21,222,25,108,17,115,116,119,120,269,270,108,17,28,29,16,17,24,25,108,17,682,683,714,715,686,687,690,691,694,695,698,699,113,25,1045,1046,1029,1030,1083,9,187,188,191,192,12,13,16,17,12,13,16,17,28,29,20,21,230,231,4,5,104,105,317,318,325,326,329,330,333,334,199,200,211,212,195,196,110,111,131,132,155,156,143,144,261,262,110,111,171,172,167,168,28,29,218,218,218,218,218,218,218,218,218,218,218,218,218,218,218,218
22,23,26,27,18,109,117,118,121,122,271,272,18,109,30,31,18,19,26,27,18,109,684,685,716,717,688,689,692,693,696,697,700,701,114,27,1047,1048,1031,1032,1084,11,189,190,193,194,14,15,18,19,14,15,18,19,30,31,22,23,232,233,6,7,106,107,319,320,327,328,331,332,335,336,201,202,213,214,197,198,22,112,133,134,157,158,145,146,263,264,22,112,173,174,169,170,30,31,218,218,218,218,218,218,218,218,218,218,218,218,218,218,218,218
230,231,217,25,171,172,167,168,297,298,305,306,24,25,4,5,139,140,135,136,159,160,666,667,670,671,674,675,678,679,24,25,16,17,24,25,222,25,108,17,1081,9,8,9,113,25,123,124,127,128,4,5,8,9,4,5,16,17,113,25,139,140,135,136,159,160,113,25,261,262,104,105,187,188,191,192,16,17,8,9,147,148,151,152,297,298,305,306,222,25,163,164,16,17,12,13,218,218,218,218,218,218,218,218,218,218,218,218,218,218,218,218
232,233,218,27,173,174,169,170,299,300,307,308,26,27,6,7,141,142,137,138,161,162,668,669,672,673,676,677,680,681,26,27,18,19,26,27,26,27,18,109,1082,11,10,11,114,27,125,126,129,130,6,7,10,11,6,7,18,19,114,27,141,142,137,138,161,162,114,27,263,264,106,107,189,190,193,194,18,19,10,11,149,150,153,154,299,300,307,308,26,27,165,166,18,19,14,15,218,218,218,218,218,218,218,218,218,218,218,218,218,218,218,218
219,220,230,231,163,164,108,17,293,294,301,302,16,17,221,21,131,132,155,156,143,144,650,651,654,655,658,659,662,663,123,124,127,128,1073,1074,1076,1077,1078,1079,1080,9,28,29,104,105,115,116,119,120,183,184,179,180,12,13,217,25,108,17,131,132,155,156,143,144,217,25,281,282,289,290,219,220,113,25,24,25,20,21,108,17,0,1,293,294,301,302,28,29,20,21,108,17,0,1,218,218,218,218,218,218,218,218,218,218,218,218,218,218,218,218
18,19,232,233,165,166,18,109,295,296,303,304,18,19,22,23,133,134,157,158,145,146,652,653,656,657,660,661,664,665,125,126,129,130,1075,11,10,11,10,11,10,11,30,31,106,107,117,118,121,122,185,186,181,182,14,15,218,27,18,109,133,134,157,158,145,146,218,27,283,284,291,292,18,19,114,27,26,27,22,23,18,109,2,3,295,296,303,304,30,31,22,23,18,109,2,3,218,218,218,218,218,218,218,218,218,218,218,218,218,218,218,218
223,25,226,227,226,227,217,25,281,282,289,290,28,29,113,25,147,148,151,152,16,17,110,111,642,643,646,647,104,105,115,116,119,120,1071,9,139,140,135,136,159,160,24,25,20,21,20,21,4,5,175,176,20,21,104,105,223,25,226,227,147,148,151,152,123,124,127,128,277,278,285,286,108,17,20,21,0,1,8,9,223,25,226,227,281,282,289,290,183,184,179,180,104,105,16,17,218,218,218,218,218,218,218,218,218,218,218,218,218,218,218,218
224,225,228,229,228,229,218,27,283,284,291,292,30,31,114,27,149,150,153,154,18,19,22,112,644,645,648,649,106,107,117,118,121,122,1072,11,141,142,137,138,161,162,26,27,22,23,22,23,6,7,177,178,22,23,106,107,224,225,228,229,149,150,153,154,125,126,129,130,279,280,287,288,18,109,22,23,2,3,10,11,224,225,228,229,283,284,291,292,185,186,181,182,106,107,18,19,218,218,218,218,218,218,218,218,218,218,218,218,218,218,218,218
230,231,230,231,221,21,219,220,277,278,285,286,1049,1050,1053,1054,1055,1056,1057,1058,1059,1060,1061,1062,1118,1119,1121,13,1064,1065,1066,1067,1068,1069,1070,9,131,132,155,156,143,144,28,29,113,25,4,5,113,25,4,5,16,17,28,29,219,220,8,9,16,17,12,13,115,116,119,120,110,111,269,270,230,231,24,25,28,29,123,124,127,128,989,990,277,278,285,286,175,176,113,25,24,25,4,5,218,218,218,218,218,218,218,218,218,218,218,218,218,218,218,218
232,233,232,233,22,23,18,19,279,280,287,288,10,11,10,11,10,11,10,11,10,11,10,11,1120,83,1122,15,10,11,10,11,10,11,10,11,133,134,157,158,145,146,30,31,114,27,6,7,114,27,6,7,18,19,30,31,18,19,10,11,18,19,14,15,117,118,121,122,22,112,271,272,232,233,26,27,30,31,125,126,129,130,991,992,279,280,287,288,177,178,114,27,26,27,6,7,218,218,218,218,218,218,218,218,218,218,218,218,218,218,218,218
217,25,230,231,230,231,226,227,221,21,281,282,289,290,203,204,207,208,215,21,171,172,167,168,80,81,219,220,223,25,226,227,113,25,16,17,147,148,151,152,0,1,8,9,108,17,261,262,261,262,261,262,217,25,20,21,96,97,4,5,28,29,203,204,207,208,215,21,20,21,273,274,0,1,8,9,20,21,115,116,119,120,16,17,0,1,273,274,24,25,16,17,217,25,24,25,218,218,218,218,218,218,218,218,218,218,218,218,218,218,218,218
218,27,232,233,232,233,228,229,22,23,283,284,291,292,205,206,209,210,216,23,173,174,169,170,82,83,18,19,224,225,228,229,114,27,18,19,149,150,153,154,2,3,10,11,18,109,263,264,263,264,263,264,218,27,22,23,98,99,6,7,30,31,205,206,209,210,216,23,22,23,275,276,2,3,10,11,22,23,117,118,121,122,18,19,2,3,275,276,26,27,18,19,218,27,26,27,218,218,218,218,218,218,218,218,218,218,218,218,218,218,218,218
221,21,223,25,226,227,230,231,230,231,1165,278,285,286,199,200,211,212,195,196,163,164,110,111,92,93,84,85,84,85,84,85,84,85,84,85,84,85,84,85,88,89,8,9,0,1,476,477,218,218,476,477,273,274,484,485,80,81,4,5,20,21,199,200,211,212,195,196,108,17,281,282,289,290,171,172,167,168,40,41,52,53,64,65,297,298,305,306,203,204,207,208,215,21,28,29,218,218,218,218,218,218,218,218,218,218,218,218,218,218,218,218
22,23,224,225,228,229,232,233,232,233,1166,1167,287,288,201,202,213,214,197,198,165,166,22,112,94,95,86,87,86,87,86,87,86,87,86,87,86,87,86,87,90,91,10,11,2,3,478,479,218,218,478,479,275,276,486,487,82,83,6,7,22,23,201,202,213,214,197,198,18,109,283,284,291,292,173,174,169,170,42,43,54,55,66,67,299,300,307,308,205,206,209,210,216,23,30,31,218,218,218,218,218,218,218,218,218,218,218,218,218,218,218,218
230,231,217,25,223,25,226,227,226,227,230,231,281,282,289,290,191,192,28,29,20,21,113,25,4,5,183,184,179,180,28,29,16,17,4,5,110,111,217,25,80,81,461,462,465,25,218,218,218,218,218,218,218,218,480,481,80,81,20,21,12,13,187,188,191,192,4,5,20,21,277,278,285,286,175,176,24,25,32,33,44,45,56,57,293,294,301,302,199,200,211,212,195,196,4,5,218,218,218,218,218,218,218,218,218,218,218,218,218,218,218,218
232,233,218,27,224,225,228,229,228,229,232,233,283,284,291,292,193,194,30,31,22,23,114,27,6,7,185,186,181,182,30,31,18,19,6,7,22,112,218,27,82,83,463,464,466,467,218,218,218,218,218,218,218,218,482,483,82,83,22,23,14,15,189,190,193,194,6,7,22,23,279,280,287,288,177,178,26,27,34,35,46,47,58,59,295,296,303,304,201,202,213,214,197,198,6,7,218,218,218,218,218,218,218,218,218,218,218,218,218,218,218,218
230,231,230,231,223,25,226,227,230,231,4,5,277,278,285,286,12,13,28,29,123,124,127,128,16,17,28,29,28,29,28,29,113,25,139,140,135,136,159,160,80,81,0,1,457,458,468,469,472,473,468,469,472,473,453,454,80,81,8,9,16,17,24,25,28,29,203,204,207,208,215,21,309,310,4,5,16,17,4,5,24,25,24,25,273,274,110,111,135,136,135,136,159,160,104,105,218,218,218,218,218,218,218,218,218,218,218,218,218,218,218,218
232,233,232,233,224,225,228,229,232,233,6,7,279,280,287,288,14,15,30,31,125,126,129,130,18,19,30,31,30,31,30,31,114,27,141,142,137,138,161,162,82,83,2,3,459,460,470,471,474,475,470,471,474,475,455,456,82,83,10,11,18,19,26,27,30,31,205,206,209,210,216,23,311,312,6,7,18,19,6,7,26,27,26,27,275,276,22,112,137,138,137,138,161,162,106,107,218,218,218,218,218,218,218,218,218,218,218,218,218,218,218,218
223,25,226,227,222,25,221,21,223,25,226,227,110,111,281,282,289,290,8,9,115,116,119,120,12,13,230,231,230,231,849,850,104,105,131,132,155,156,143,144,92,93,84,85,84,85,84,85,84,85,84,85,84,85,84,85,100,101,88,89,28,29,230,231,20,21,199,200,211,212,195,196,281,282,289,290,24,25,24,25,223,25,226,227,269,270,24,25,131,132,155,156,143,144,20,21,218,218,218,218,218,218,218,218,218,218,218,218,218,218,218,218
224,225,228,229,26,27,22,23,224,225,228,229,22,112,283,284,291,292,10,11,117,118,121,122,14,15,232,233,232,233,851,852,106,107,133,134,157,158,145,146,94,95,86,87,86,87,86,87,86,87,86,87,86,87,86,87,102,103,90,91,30,31,232,233,22,23,201,202,213,214,197,198,283,284,291,292,26,27,26,27,224,225,228,229,271,272,26,27,133,134,157,158,145,146,22,23,218,218,218,218,218,218,218,218,218,218,218,218,218,218,218,218
222,25,223,25,226,227,230,231,230,231,135,136,159,160,277,278,285,286,28,29,203,204,207,208,215,21,230,231,1144,1152,853,854,4,5,147,148,151,152,24,25,0,1,16,17,12,13,135,136,159,160,171,172,167,168,20,21,108,17,80,81,123,124,127,128,28,29,187,188,191,192,8,9,277,278,285,286,110,111,8,9,20,21,297,298,305,306,108,17,147,148,151,152,28,29,113,25,218,218,218,218,218,218,218,218,218,218,218,218,218,218,218,218
26,27,224,225,228,229,232,233,232,233,137,138,161,162,279,280,287,288,30,31,205,206,209,210,216,23,232,233,1144,1144,855,856,6,7,149,150,153,154,26,27,2,3,18,19,14,15,137,138,161,162,173,174,169,170,22,23,18,109,82,83,125,126,129,130,30,31,189,190,193,194,10,11,279,280,287,288,22,112,10,11,22,23,299,300,307,308,18,109,149,150,153,154,30,31,114,27,218,218,218,218,218,218,218,218,218,218,218,218,218,218,218,218
230,231,219,220,230,231,226,227,230,231,155,156,143,144,28,29,281,282,289,290,199,200,211,212,20,21,869,870,865,866,110,111,0,1,20,21,24,25,217,25,113,25,12,13,104,105,155,156,143,144,163,164,221,21,113,25,20,21,80,81,115,116,119,120,20,21,113,25,20,21,20,21,4,5,265,266,24,25,219,220,12,13,293,294,301,302,20,21,40,41,52,53,52,53,52,53,218,218,218,218,218,218,218,218,218,218,218,218,218,218,218,218
232,233,18,19,232,233,228,229,232,233,157,158,145,146,30,31,283,284,291,292,201,202,213,214,22,23,871,872,867,868,22,112,2,3,22,23,26,27,218,27,114,27,14,15,106,107,157,158,145,146,165,166,22,23,114,27,22,23,82,83,117,118,121,122,22,23,114,27,22,23,22,23,6,7,267,268,26,27,18,19,14,15,295,296,303,304,22,23,42,43,54,55,54,55,54,55,218,218,218,218,218,218,218,218,218,218,218,218,218,218,218,218
219,220,230,231,219,220,230,231,223,25,226,227,222,25,104,105,277,278,285,286,187,188,191,192,12,13,873,874,183,184,179,180,4,5,1093,9,113,25,223,25,226,227,8,9,28,29,273,274,273,274,437,438,273,274,226,227,28,29,80,81,0,1,0,1,0,1,226,227,104,105,217,25,108,17,281,282,289,290,179,180,297,298,305,306,171,172,167,168,36,37,1123,1124,1123,1124,1123,1124,218,218,218,218,218,218,218,218,218,218,218,218,218,218,218,218
18,19,232,233,18,19,232,233,224,225,228,229,26,27,106,107,279,280,287,288,189,190,193,194,14,15,875,876,185,186,181,182,6,7,1094,11,114,27,224,225,228,229,10,11,30,31,275,276,275,276,439,440,275,276,228,229,30,31,82,83,2,3,2,3,2,3,228,229,106,107,218,27,18,109,283,284,291,292,181,182,299,300,307,308,173,174,169,170,38,39,1125,1126,1125,1126,1125,1126,218,218,218,218,218,218,218,218,218,218,218,218,218,218,218,218
230,231,223,25,226,227,222,25,230,231,20,21,24,25,108,17,175,176,281,282,289,290,108,17,28,29,24,25,24,25,96,97,108,17,1081,9,104,105,203,204,207,208,215,21,24,25,273,274,433,434,273,274,273,274,230,231,413,414,80,81,230,231,230,231,230,231,230,231,230,231,941,942,4,5,277,278,285,286,28,29,293,294,301,302,163,164,16,17,36,37,48,49,1123,1124,1127,1128,218,218,218,218,218,218,218,218,218,218,218,218,218,218,218,218
232,233,224,225,228,229,26,27,232,233,22,23,26,27,18,109,177,178,283,284,291,292,18,109,30,31,26,27,26,27,98,99,18,109,1082,11,106,107,205,206,209,210,216,23,26,27,275,276,435,436,275,276,275,276,232,233,415,416,82,83,232,233,232,233,232,233,232,233,232,233,943,944,6,7,279,280,287,288,30,31,295,296,303,304,165,166,18,19,38,39,50,51,1125,1126,1129,1130,218,218,218,218,218,218,218,218,218,218,218,218,218,218,218,218
217,25,230,231,217,25,230,231,230,231,222,25,171,172,167,168,110,111,277,278,285,286,195,196,24,25,8,9,4,5,80,81,217,25,1064,1065,1061,1062,199,200,211,212,0,1,16,17,429,430,218,218,218,218,230,231,230,231,409,410,80,81,0,1,218,218,218,218,218,218,218,218,937,938,16,17,8,9,281,282,1157,1158,305,306,28,29,217,25,104,105,36,37,1127,1128,1127,1128,1123,1124,218,218,218,218,218,218,218,218,218,218,218,218,218,218,218,218
218,27,232,233,218,27,232,233,232,233,26,27,173,174,169,170,22,112,279,280,287,288,197,198,26,27,10,11,6,7,82,83,218,27,10,11,10,11,201,202,213,214,2,3,18,19,431,432,218,218,218,218,232,233,232,233,411,412,82,83,2,3,218,218,218,218,218,218,218,218,939,940,18,19,10,11,283,284,1159,1160,307,308,30,31,218,27,106,107,38,39,1129,1130,1129,1130,1125,1126,218,218,218,218,218,218,218,218,218,218,218,218,218,218,218,218
223,25,226,227,230,231,226,227,230,231,217,25,163,164,217,25,0,1,219,220,281,282,289,290,171,172,179,180,4,5,92,93,84,85,84,85,84,85,84,85,84,85,84,85,88,89,1168,1169,218,218,230,231,230,231,425,426,405,406,80,81,218,218,925,926,953,954,949,950,945,946,933,934,28,29,113,25,277,278,1161,1162,301,302,203,204,207,208,215,21,36,37,1127,1128,48,49,1127,1128,218,218,218,218,218,218,218,218,218,218,218,218,218,218,218,218
224,225,228,229,232,233,228,229,232,233,218,27,165,166,218,27,2,3,18,19,283,284,291,292,173,174,181,182,6,7,94,95,86,87,86,87,86,87,86,87,86,87,86,87,90,91,1166,1169,218,218,232,233,232,233,427,428,407,408,82,83,218,218,927,928,955,956,951,952,947,948,935,936,30,31,114,27,279,280,1163,1164,303,304,205,206,209,210,216,23,38,39,1129,1130,50,51,1129,1130,218,218,218,218,218,218,218,218,218,218,218,218,218,218,218,218
230,231,230,231,222,25,221,21,222,25,223,25,226,227,28,29,223,25,226,227,277,278,285,286,175,176,20,21,24,25,135,136,135,136,159,160,24,25,24,25,123,124,127,128,80,81,441,442,746,537,230,231,421,422,417,418,401,402,80,81,929,930,921,922,917,918,901,902,8,9,203,204,207,208,215,21,1097,9,273,274,24,25,199,200,211,212,195,196,36,37,1123,1124,1127,1128,1127,1128,218,218,218,218,218,218,218,218,218,218,218,218,218,218,218,218
232,233,232,233,26,27,22,23,26,27,224,225,228,229,30,31,224,225,228,229,279,280,287,288,177,178,22,23,26,27,137,138,137,138,161,162,26,27,26,27,125,126,129,130,82,83,443,444,747,748,232,233,423,424,419,420,403,404,82,83,931,932,923,924,919,920,903,904,10,11,205,206,209,210,216,23,1098,11,275,276,26,27,201,202,213,214,197,198,38,39,1125,1126,1129,1130,1129,1130,218,218,218,218,218,218,218,218,218,218,218,218,218,218,218,218
230,231,222,25,230,231,219,220,223,25,226,227,230,231,222,25,108,17,223,25,226,227,281,282,289,290,104,105,113,25,131,132,155,156,143,144,230,231,476,477,218,218,484,485,80,81,377,378,381,382,385,386,389,390,393,394,397,398,80,81,905,906,909,910,913,914,897,898,24,25,199,200,211,212,195,196,1095,9,281,282,289,290,187,188,191,192,110,111,36,37,1127,1128,48,49,1123,1124,218,218,218,218,218,218,218,218,218,218,218,218,218,218,218,218
232,233,26,27,232,233,18,19,224,225,228,229,232,233,26,27,18,109,224,225,228,229,283,284,291,292,106,107,114,27,133,134,157,158,145,146,232,233,478,479,218,218,486,487,82,83,379,380,383,384,387,388,391,392,395,396,399,400,82,83,907,908,911,912,915,916,899,900,26,27,201,202,213,214,197,198,1096,11,283,284,291,292,189,190,193,194,22,112,38,39,1129,1130,50,51,1125,1126,218,218,218,218,218,218,218,218,218,218,218,218,218,218,218,218
221,21,230,231,223,25,226,227,219,220,230,231,223,25,230,231,226,227,219,220,230,231,1165,278,285,286,24,25,217,25,147,148,151,152,163,164,465,25,218,218,218,218,480,481,92,93,84,85,88,89,113,25,20,21,104,105,40,41,76,77,52,53,885,886,889,890,893,894,24,25,230,231,1153,1154,849,850,16,17,277,278,285,286,28,29,12,13,20,21,36,37,1123,1124,1127,1128,1123,1124,218,218,218,218,218,218,218,218,218,218,218,218,218,218,218,218
22,23,232,233,224,225,228,229,18,19,232,233,224,225,232,233,228,229,18,19,232,233,1166,1167,287,288,26,27,218,27,149,150,153,154,165,166,466,467,218,218,218,218,482,483,94,95,86,87,90,91,114,27,22,23,106,107,42,43,78,79,54,55,887,888,891,892,895,896,26,27,232,233,1155,1156,851,852,18,19,279,280,287,288,30,31,14,15,22,23,38,39,1125,1126,1129,1130,1125,1126,218,218,218,218,218,218,218,218,218,218,218,218,218,218,218,218
230,231,223,25,226,227,221,21,230,231,219,220,219,220,221,21,1209,1210,28,29,222,25,217,25,309,310,219,220,223,25,226,227,110,111,0,1,457,458,468,469,472,473,453,454,24,25,217,25,92,93,84,85,84,85,84,85,72,73,1127,1128,1123,1124,1123,1124,60,61,28,29,24,25,230,231,1144,1152,853,854,123,124,127,128,281,282,289,290,183,184,179,180,36,37,1123,1124,1127,1128,1127,1128,218,218,218,218,218,218,218,218,218,218,218,218,218,218,218,218
232,233,224,225,228,229,22,23,232,233,18,19,18,19,22,23,1211,1212,30,31,26,27,218,27,311,312,18,19,224,225,228,229,22,112,2,3,459,460,470,471,474,475,455,456,26,27,218,27,94,95,86,87,86,87,86,87,74,75,1129,1130,1125,1126,1125,1126,62,63,30,31,26,27,232,233,1144,1144,855,856,125,126,129,130,283,284,291,292,185,186,181,182,38,39,1125,1126,1129,1130,1129,1130,218,218,218,218,218,218,218,218,218,218,218,218,218,218,218,218
223,25,226,227,230,231,226,227,217,25,230,231,223,25,1202,1199,1205,1206,217,25,219,220,230,231,281,282,289,290,219,220,230,231,222,25,8,9,4,5,24,25,175,176,24,25,113,25,16,17,203,204,207,208,215,21,230,231,36,37,253,254,257,258,48,49,60,61,171,172,167,168,230,231,218,218,861,862,115,116,119,120,277,278,285,286,175,176,20,21,32,33,44,45,44,45,68,69,218,218,218,218,218,218,218,218,218,218,218,218,218,218,218,218
224,225,228,229,232,233,228,229,218,27,232,233,224,225,1203,1204,1207,1208,218,27,18,19,232,233,283,284,291,292,18,19,232,233,26,27,10,11,6,7,26,27,177,178,26,27,114,27,18,19,205,206,209,210,216,23,232,233,38,39,255,256,259,260,50,51,62,63,173,174,169,170,232,233,218,218,863,864,117,118,121,122,279,280,287,288,177,178,22,23,34,35,46,47,46,47,70,71,218,218,218,218,218,218,218,218,218,218,218,218,218,218,218,218
230,231,221,21,219,220,230,231,219,220,217,25,230,231,222,25,230,231,223,25,226,227,217,25,277,278,285,286,24,25,230,231,108,17,113,25,203,204,207,208,215,21,230,231,24,25,0,1,0,1,211,212,195,196,108,17,36,37,1123,1124,1123,1124,1127,1128,60,61,163,164,881,882,869,870,865,866,857,858,183,184,179,180,110,111,261,262,4,5,221,21,139,140,135,136,159,160,80,81,218,218,218,218,218,218,218,218,218,218,218,218,218,218,218,218
232,233,22,23,18,19,232,233,18,19,218,27,232,233,26,27,232,233,224,225,228,229,218,27,279,280,287,288,26,27,232,233,18,109,114,27,205,206,209,210,216,23,232,233,26,27,2,3,2,3,213,214,197,198,18,109,38,39,1125,1126,1125,1126,1129,1130,62,63,165,166,883,884,871,872,867,868,859,860,185,186,181,182,22,112,263,264,6,7,22,23,141,142,137,138,161,162,82,83,218,218,218,218,218,218,218,218,218,218,218,218,218,218,218,218
222,25,223,25,226,227,222,25,230,231,230,231,230,231,226,227,223,25,226,227,230,231,230,231,219,220,281,282,289,290,222,25,219,220,230,231,199,200,211,212,20,21,0,1,20,21,0,1,230,231,230,231,536,537,532,533,32,33,44,45,44,45,68,69,56,57,222,25,877,878,873,874,0,1,96,97,175,176,28,29,28,29,349,350,353,354,104,105,131,132,155,156,143,144,80,81,218,218,218,218,218,218,218,218,218,218,218,218,218,218,218,218
26,27,224,225,228,229,26,27,232,233,232,233,232,233,228,229,224,225,228,229,232,233,232,233,18,19,283,284,291,292,26,27,18,19,232,233,201,202,213,214,22,23,2,3,22,23,2,3,232,233,232,233,538,537,534,535,34,35,46,47,46,47,70,71,58,59,26,27,879,880,875,876,2,3,98,99,177,178,30,31,30,31,351,352,355,356,106,107,133,134,157,158,145,146,82,83,218,218,218,218,218,218,218,218,218,218,218,218,218,218,218,218
230,231,230,231,230,231,226,227,230,231,222,25,230,231,222,25,230,231,222,25,223,25,226,227,217,25,1165,278,285,286,12,13,217,25,24,25,187,188,191,192,195,196,110,111,20,21,223,25,230,231,520,521,218,218,528,529,28,29,217,25,110,111,113,25,108,17,84,85,84,85,84,85,84,85,100,101,217,25,108,17,341,342,345,346,361,362,20,21,147,148,151,152,104,105,80,81,218,218,218,218,218,218,218,218,218,218,218,218,218,218,218,218
232,233,232,233,232,233,228,229,232,233,26,27,232,233,26,27,232,233,26,27,224,225,228,229,218,27,1166,1167,287,288,14,15,218,27,26,27,189,190,193,194,197,198,22,112,22,23,224,225,232,233,522,523,218,218,530,531,30,31,218,27,22,112,114,27,18,109,86,87,86,87,86,87,86,87,102,103,218,27,18,109,343,344,347,348,363,364,22,23,149,150,153,154,106,107,82,83,218,218,218,218,218,218,218,218,218,218,218,218,218,218,218,218
219,220,223,25,226,227,221,21,223,25,226,227,139,140,135,136,159,160,223,25,226,227,230,231,230,231,230,231,281,282,289,290,230,231,222,25,1236,1237,1240,1241,1244,1245,1248,1249,1252,1253,547,493,230,231,218,218,537,550,516,517,504,505,24,25,20,21,183,184,179,180,0,1,476,477,218,218,484,485,24,25,110,111,313,314,321,322,357,358,337,338,171,172,167,168,40,41,52,53,76,77,218,218,218,218,218,218,218,218,218,218,218,218,218,218,218,218
18,19,224,225,228,229,22,23,224,225,228,229,141,142,137,138,161,162,224,225,228,229,232,233,232,233,232,233,283,284,291,292,232,233,26,27,1238,1239,1242,1243,1246,1247,1250,1251,1254,1255,548,549,232,233,218,218,537,551,518,519,506,507,26,27,22,23,185,186,181,182,2,3,478,479,218,218,486,487,26,27,22,112,315,316,323,324,359,360,339,340,173,174,169,170,42,43,54,55,78,79,218,218,218,218,218,218,218,218,218,218,218,218,218,218,218,218
223,25,226,227,222,25,230,231,230,231,230,231,131,132,155,156,143,144,219,220,230,231,223,25,226,227,230,231,1165,278,285,286,171,172,179,180,217,25,20,21,8,9,195,196,16,17,543,544,539,540,524,525,512,513,508,509,500,501,492,493,16,17,175,176,461,462,465,25,218,218,218,218,480,481,449,450,20,21,317,318,325,326,329,330,333,334,163,164,108,17,36,37,1123,1124,1123,1124,218,218,218,218,218,218,218,218,218,218,218,218,218,218,218,218
224,225,228,229,26,27,232,233,232,233,232,233,133,134,157,158,145,146,18,19,232,233,224,225,228,229,232,233,1166,1167,287,288,173,174,181,182,218,27,22,23,10,11,197,198,18,19,545,546,541,542,526,527,514,515,510,511,502,503,494,495,18,19,177,178,463,464,466,467,218,218,218,218,482,483,451,452,22,23,319,320,327,328,331,332,335,336,165,166,18,109,38,39,1125,1126,1125,1126,218,218,218,218,218,218,218,218,218,218,218,218,218,218,218,218
230,231,219,220,223,25,226,227,230,231,217,25,147,148,151,152,989,990,223,25,226,227,222,25,230,231,217,25,230,231,281,282,289,290,223,25,226,227,217,25,24,25,20,21,222,25,16,17,139,140,135,136,159,160,104,105,496,497,488,489,24,25,108,17,217,25,457,458,468,469,472,473,453,454,445,446,217,25,4,5,222,25,265,266,28,29,20,21,219,220,36,37,1127,1128,1123,1124,218,218,218,218,218,218,218,218,218,218,218,218,218,218,218,218
232,233,18,19,224,225,228,229,232,233,218,27,149,150,153,154,991,992,224,225,228,229,26,27,232,233,218,27,232,233,283,284,291,292,224,225,228,229,218,27,26,27,22,23,26,27,18,19,141,142,137,138,161,162,106,107,498,499,490,491,26,27,18,109,218,27,459,460,470,471,474,475,455,456,447,448,218,27,6,7,26,27,267,268,30,31,22,23,18,19,38,39,1129,1130,1125,1126,218,218,218,218,218,218,218,218,218,218,218,218,218,218,218,218
217,25,230,231,217,25,230,231,219,220,230,231,217,25,223,25,226,227,230,231,223,25,226,227,230,231,230,231,226,227,1165,278,285,286,221,21,230,231,230,231,226,227,230,231,226,227,221,21,131,132,155,156,230,231,221,21,123,124,127,128,217,25,230,231,217,25,219,220,230,231,226,227,123,124,127,128,230,231,226,227,297,298,305,306,104,105,123,124,127,128,36,37,1123,1124,1127,1128,218,218,218,218,218,218,218,218,218,218,218,218,218,218,218,218
218,27,232,233,218,27,232,233,18,19,232,233,218,27,224,225,228,229,232,233,224,225,228,229,232,233,232,233,228,229,1166,1167,287,288,22,23,232,233,232,233,228,229,232,233,228,229,22,23,133,134,157,158,232,233,22,23,125,126,129,130,218,27,232,233,218,27,18,19,232,233,228,229,125,126,129,130,232,233,228,229,299,300,307,308,106,107,125,126,129,130,38,39,1125,1126,1129,1130,218,218,218,218,218,218,218,218,218,218,218,218,218,218,218,218
222,25,230,231,226,227,217,25,223,25,226,227,230,231,230,231,223,25,226,227,219,220,230,231,222,25,223,25,226,227,230,231,273,274,223,25,226,227,219,220,230,231,230,231,230,231,230,231,230,231,230,231,226,227,230,231,230,231,226,227,230,231,226,227,230,231,230,231,226,227,230,231,230,231,230,231,226,227,230,231,293,294,301,302,108,17,115,116,119,120,36,37,1127,1128,1123,1124,218,218,218,218,218,218,218,218,218,218,218,218,218,218,218,218
26,27,232,233,228,229,218,27,224,225,228,229,232,233,232,233,224,225,228,229,18,19,232,233,26,27,224,225,228,229,232,233,275,276,224,225,228,229,18,19,232,233,232,233,232,233,232,233,232,233,232,233,228,229,232,233,232,233,228,229,232,233,228,229,232,233,232,233,228,229,232,233,232,233,232,233,228,229,232,233,295,296,303,304,18,109,117,118,121,122,38,39,1129,1130,1125,1126,218,218,218,218,218,218,218,218,218,218,218,218,218,218,218,218
230,231,221,21,230,231,226,227,230,231,221,21,219,220,230,231,226,227,221,21,230,231,222,25,223,25,226,227,221,21,297,298,305,306,230,231,219,220,230,231,230,231,226,227,230,231,223,25,226,227,230,231,230,231,223,25,226,227,230,231,230,231,217,25,230,231,226,227,230,231,219,220,230,231,221,21,230,231,226,227,281,282,289,290,223,25,226,227,4,5,32,33,44,45,44,45,218,218,218,218,218,218,218,218,218,218,218,218,218,218,218,218
232,233,22,23,232,233,228,229,232,233,22,23,18,19,232,233,228,229,22,23,232,233,26,27,224,225,228,229,22,23,299,300,307,308,232,233,18,19,232,233,232,233,228,229,232,233,224,225,228,229,232,233,232,233,224,225,228,229,232,233,232,233,218,27,232,233,228,229,232,233,18,19,232,233,22,23,232,233,228,229,283,284,291,292,224,225,228,229,6,7,34,35,46,47,46,47,218,218,218,218,218,218,218,218,218,218,218,218,218,218,218,218
223,25,226,227,219,220,217,25,223,25,226,227,217,25,230,231,221,21,230,231,223,25,226,227,217,25,230,231,226,227,293,294,301,302,217,25,223,25,226,227,222,25,223,25,226,227,230,231,230,231,219,220,230,231,226,227,230,231,217,25,219,220,223,25,226,227,222,25,230,231,223,25,226,227,230,231,219,220,230,231,1165,278,285,286,230,231,222,25,217,25,171,172,179,180,104,105,218,218,218,218,218,218,218,218,218,218,218,218,218,218,218,218
224,225,228,229,18,19,218,27,224,225,228,229,218,27,232,233,22,23,232,233,224,225,228,229,218,27,232,233,228,229,295,296,303,304,218,27,224,225,228,229,26,27,224,225,228,229,232,233,232,233,18,19,232,233,228,229,232,233,218,27,18,19,224,225,228,229,26,27,232,233,224,225,228,229,232,233,18,19,232,233,1166,1167,287,288,232,233,26,27,218,27,173,174,181,182,106,107,218,218,218,218,218,218,218,218,218,218,218,218,218,218,218,218
230,231,223,25,226,227,230,231,217,25,230,231,230,231,217,25,223,25,226,227,217,25,230,231,219,220,230,231,230,231,281,282,289,290,223,25,226,227,221,21,217,25,219,220,223,25,226,227,230,231,226,227,222,25,230,231,223,25,226,227,230,231,221,21,230,231,223,25,226,227,230,231,221,21,223,25,226,227,219,220,221,21,281,282,289,290,223,25,226,227,230,231,4,5,110,111,218,218,218,218,218,218,218,218,218,218,218,218,218,218,218,218
232,233,224,225,228,229,232,233,218,27,232,233,232,233,218,27,224,225,228,229,218,27,232,233,18,19,232,233,232,233,283,284,291,292,224,225,228,229,22,23,218,27,18,19,224,225,228,229,232,233,228,229,26,27,232,233,224,225,228,229,232,233,22,23,232,233,224,225,228,229,232,233,22,23,224,225,228,229,18,19,22,23,283,284,291,292,224,225,228,229,232,233,6,7,22,112,218,218,218,218,218,218,218,218,218,218,218,218,218,218,218,218
223,25,226,227,230,231,219,220,221,21,223,25,226,227,230,231,230,231,223,25,226,227,222,25,217,25,223,25,226,227,1165,278,285,286,219,220,230,231,223,25,226,227,230,231,223,25,226,227,226,227,230,231,223,25,226,227,230,231,221,21,223,25,226,227,217,25,219,220,230,231,223,25,226,227,222,25,219,220,223,25,226,227,1165,278,285,286,222,25,217,25,219,220,108,17,221,21,218,218,218,218,218,218,218,218,218,218,218,218,218,218,218,218
224,225,228,229,232,233,18,19,22,23,224,225,228,229,232,233,232,233,224,225,228,229,26,27,218,27,224,225,228,229,1166,1167,287,288,18,19,232,233,224,225,228,229,232,233,224,225,228,229,228,229,232,233,224,225,228,229,232,233,22,23,224,225,228,229,218,27,18,19,232,233,224,225,228,229,26,27,18,19,224,225,228,229,1166,1167,287,288,26,27,218,27,18,19,18,109,22,23,218,218,218,218,218,218,218,218,218,218,218,218,218,218,218,218
218,218,218,218,218,218,218,218,218,218,218,218,218,218,218,218,218,218,218,218,218,218,218,218,218,218,218,218,218,218,218,218,218,218,218,218,218,218,218,218,218,218,218,218,218,218,218,218,218,218,218,218,218,218,218,218,218,218,218,218,218,218,218,218,218,218,218,218,218,218,218,218,218,218,218,218,218,218,218,218,218,218,218,218,218,218,218,218,218,218,218,218,218,218,218,218,218,218,218,218,218,218,218,218,218,218,218,218,218,218,218,218
218,218,218,218,218,218,218,218,218,218,218,218,218,218,218,218,218,218,218,218,218,218,218,218,218,218,218,218,218,218,218,218,218,218,218,218,218,218,218,218,218,218,218,218,218,218,218,218,218,218,218,218,218,218,218,218,218,218,218,218,218,218,218,218,218,218,218,218,218,218,218,218,218,218,218,218,218,218,218,218,218,218,218,218,218,218,218,218,218,218,218,218,218,218,218,218,218,218,218,218,218,218,218,218,218,218,218,218,218,218,218,218
218,218,218,218,218,218,218,218,218,218,218,218,218,218,218,218,218,218,218,218,218,218,218,218,218,218,218,218,218,218,218,218,218,218,218,218,218,218,218,218,218,218,218,218,218,218,218,218,218,218,218,218,218,218,218,218,218,218,218,218,218,218,218,218,218,218,218,218,218,218,218,218,218,218,218,218,218,218,218,218,218,218,218,218,218,218,218,218,218,218,218,218,218,218,218,218,218,218,218,218,218,218,218,218,218,218,218,218,218,218,218,218
218,218,218,218,218,218,218,218,218,218,218,218,218,218,218,218,218,218,218,218,218,218,218,218,218,218,218,218,218,218,218,218,218,218,218,218,218,218,218,218,218,218,218,218,218,218,218,218,218,218,218,218,218,218,218,218,218,218,218,218,218,218,218,218,218,218,218,218,218,218,218,218,218,218,218,218,218,218,218,218,218,218,218,218,218,218,218,218,218,218,218,218,218,218,218,218,218,218,218,218,218,218,218,218,218,218,218,218,218,218,218,218
218,218,218,218,218,218,218,218,218,218,218,218,218,218,218,218,218,218,218,218,218,218,218,218,218,218,218,218,218,218,218,218,218,218,218,218,218,218,218,218,218,218,218,218,218,218,218,218,218,218,218,218,218,218,218,218,218,218,218,218,218,218,218,218,218,218,218,218,218,218,218,218,218,218,218,218,218,218,218,218,218,218,218,218,218,218,218,218,218,218,218,218,218,218,218,218,218,218,218,218,218,218,218,218,218,218,218,218,218,218,218,218
218,218,218,218,218,218,218,218,218,218,218,218,218,218,218,218,218,218,218,218,218,218,218,218,218,218,218,218,218,218,218,218,218,218,218,218,218,218,218,218,218,218,218,218,218,218,218,218,218,218,218,218,218,218,218,218,218,218,218,218,218,218,218,218,218,218,218,218,218,218,218,218,218,218,218,218,218,218,218,218,218,218,218,218,218,218,218,218,218,218,218,218,218,218,218,218,218,218,218,218,218,218,218,218,218,218,218,218,218,218,218,218
218,218,218,218,218,218,218,218,218,218,218,218,218,218,218,218,218,218,218,218,218,218,218,218,218,218,218,218,218,218,218,218,218,218,218,218,218,218,218,218,218,218,218,218,218,218,218,218,218,218,218,218,218,218,218,218,218,218,218,218,218,218,218,218,218,218,218,218,218,218,218,218,218,218,218,218,218,218,218,218,218,218,218,218,218,218,218,218,218,218,218,218,218,218,218,218,218,218,218,218,218,218,218,218,218,218,218,218,218,218,218,218
218,218,218,218,218,218,218,218,218,218,218,218,218,218,218,218,218,218,218,218,218,218,218,218,218,218,218,218,218,218,218,218,218,218,218,218,218,218,218,218,218,218,218,218,218,218,218,218,218,218,218,218,218,218,218,218,218,218,218,218,218,218,218,218,218,218,218,218,218,218,218,218,218,218,218,218,218,218,218,218,218,218,218,218,218,218,218,218,218,218,218,218,218,218,218,218,218,218,218,218,218,218,218,218,218,218,218,218,218,218,218,218
218,218,218,218,218,218,218,218,218,218,218,218,218,218,218,218,218,218,218,218,218,218,218,218,218,218,218,218,218,218,218,218,218,218,218,218,218,218,218,218,218,218,218,218,218,218,218,218,218,218,218,218,218,218,218,218,218,218,218,218,218,218,218,218,218,218,218,218,218,218,218,218,218,218,218,218,218,218,218,218,218,218,218,218,218,218,218,218,218,218,218,218,218,218,218,218,218,218,218,218,218,218,218,218,218,218,218,218,218,218,218,218
218,218,218,218,218,218,218,218,218,218,218,218,218,218,218,218,218,218,218,218,218,218,218,218,218,218,218,218,218,218,218,218,218,218,218,218,218,218,218,218,218,218,218,218,218,218,218,218,218,218,218,218,218,218,218,218,218,218,218,218,218,218,218,218,218,218,218,218,218,218,218,218,218,218,218,218,218,218,218,218,218,218,218,218,218,218,218,218,218,218,218,218,218,218,218,218,218,218,218,218,218,218,218,218,218,218,218,218,218,218,218,218
218,218,218,218,218,218,218,218,218,218,218,218,218,218,218,218,218,218,218,218,218,218,218,218,218,218,218,218,218,218,218,218,218,218,218,218,218,218,218,218,218,218,218,218,218,218,218,218,218,218,218,218,218,218,218,218,218,218,218,218,218,218,218,218,218,218,218,218,218,218,218,218,218,218,218,218,218,218,218,218,218,218,218,218,218,218,218,218,218,218,218,218,218,218,218,218,218,218,218,218,218,218,218,218,218,218,218,218,218,218,218,218
218,218,218,218,218,218,218,218,218,218,218,218,218,218,218,218,218,218,218,218,218,218,218,218,218,218,218,218,218,218,218,218,218,218,218,218,218,218,218,218,218,218,218,218,218,218,218,218,218,218,218,218,218,218,218,218,218,218,218,218,218,218,218,218,218,218,218,218,218,218,218,218,218,218,218,218,218,218,218,218,218,218,218,218,218,218,218,218,218,218,218,218,218,218,218,218,218,218,218,218,218,218,218,218,218,218,218,218,218,218,218,218
218,218,218,218,218,218,218,218,218,218,218,218,218,218,218,218,218,218,218,218,218,218,218,218,218,218,218,218,218,218,218,218,218,218,218,218,218,218,218,218,218,218,218,218,218,218,218,218,218,218,218,218,218,218,218,218,218,218,218,218,218,218,218,218,218,218,218,218,218,218,218,218,218,218,218,218,218,218,218,218,218,218,218,218,218,218,218,218,218,218,218,218,218,218,218,218,218,218,218,218,218,218,218,218,218,218,218,218,218,218,218,218
218,218,218,218,218,218,218,218,218,218,218,218,218,218,218,218,218,218,218,218,218,218,218,218,218,218,218,218,218,218,218,218,218,218,218,218,218,218,218,218,218,218,218,218,218,218,218,218,218,218,218,218,218,218,218,218,218,218,218,218,218,218,218,218,218,218,218,218,218,218,218,218,218,218,218,218,218,218,218,218,218,218,218,218,218,218,218,218,218,218,218,218,218,218,218,218,218,218,218,218,218,218,218,218,218,218,218,218,218,218,218,218
218,218,218,218,218,218,218,218,218,218,218,218,218,218,218,218,218,218,218,218,218,218,218,218,218,218,218,218,218,218,218,218,218,218,218,218,218,218,218,218,218,218,218,218,218,218,218,218,218,218,218,218,218,218,218,218,218,218,218,218,218,218,218,218,218,218,218,218,218,218,218,218,218,218,218,218,218,218,218,218,218,218,218,218,218,218,218,218,218,218,218,218,218,218,218,218,218,218,218,218,218,218,218,218,218,218,218,218,218,218,218,218
218,218,218,218,218,218,218,218,218,218,218,218,218,218,218,218,218,218,218,218,218,218,218,218,218,218,218,218,218,218,218,218,218,218,218,218,218,218,218,218,218,218,218,218,218,218,218,218,218,218,218,218,218,218,218,218,218,218,218,218,218,218,218,218,218,218,218,218,218,218,218,218,218,218,218,218,218,218,218,218,218,218,218,218,218,218,218,218,218,218,218,218,218,218,218,218,218,218,218,218,218,218,218,218,218,218,218,218,218,218,218,218
